   av(rho_e)   max(rho_e)    min(rho_e)    av(delta_e)    max(delta_e)  
    min(delta_e)  
   4.5719140e+13       13.673615       13.648118  -6.2197883e-16     0.031612244
    -0.027207876
   4.5719140e+13       13.893968       13.308038  -2.1055630e-16      0.71344307
     -0.55542991
   4.5719140e+13       14.061234       12.735258  -1.4799529e-16       1.5184631
     -0.88110603
   4.5719140e+13       14.184388       11.649293   4.2376720e-16       2.3441794
     -0.99024572
   4.5719140e+13       14.276259       8.2100487  -3.6063275e-17       3.1320030
     -0.99999645
   4.5719140e+13       14.352090       8.5623120   1.6812181e-15       3.9203044
     -0.99999202
   4.5719140e+13       14.414773       8.5340691  -1.7886896e-15       4.6842737
     -0.99999252
   4.5719140e+13       14.464122       6.8968208  -1.7719252e-16       5.3683113
     -0.99999983
   4.5719140e+13       14.502888       8.4158485  -2.2297973e-16       5.9628918
     -0.99999430
   4.5719140e+13       14.533203       8.3673654  -8.2156097e-16       6.4662992
     -0.99999490
   4.5719140e+13       14.559014       7.7982601   1.7511220e-16       6.9234711
     -0.99999863
   4.5719140e+13       14.584101       7.8551869   1.0717745e-15       7.3946560
     -0.99999843
   4.5719140e+13       14.604015       7.9438122  -1.9082636e-16       7.7885438
     -0.99999808
   4.5719140e+13       14.619500       7.7045348  -9.7822141e-17       8.1075668
     -0.99999889
   4.5719140e+13       14.631159       7.5728278  -1.2019059e-16       8.3553713
     -0.99999918
   4.5719140e+13       14.639532       8.4111565  -1.3616224e-16       8.5374766
     -0.99999436
   4.5719140e+13       14.645183       6.9331536   5.6669892e-16       8.6623922
     -0.99999981
   4.5719140e+13       14.648737       8.2108574  -2.1014142e-15       8.7417900
     -0.99999645
